Parameters <- c(
    Nu_1 = 0.193634,
    Nu_2 = 0.321304,
    Nu_3 = 0.328285,
    Nu_4 = 0.497247,
    Nu_5 = 0.559090,
    Nu_6 = 0.846406,
    Rho = 0.205,
    Epsilon = 16.949,
    Kappa = 1.079,
    Gamma = 2.556,
    Theta = 1.511,
    Omega = 0.033,
    p = 0.95,
    s_1 = 0.1,
    s_2 = 0.2,
    s_3 = 0.3,
    s_4 = 0.4,
    s_5 = 1,
    s_6 = 2,
    s_7 = 3,
    Sigma = 0,
    Delta_1 = 1.58084765,
    Delta_2 = 3.50371789,
    Delta_3 = 3.50371789,
    Delta_4 = 3.50371789,
    Delta_5 = 3.50371789,
    Alpha_1 = 0.004110,
    Alpha_2 = 0.011670,
    Alpha_3 = 0.009385,
    Alpha_4 = 0.016394,
    Alpha_5 = 0.027656,
    Alpha_6 = 0.047877,
    Alpha_7 = 1.081964,
    Tau_1 = 0.003905,
    Tau_2 = 0.011087,
    Tau_3 = 0.008916,
    Tau_4 = 0.015574,
    Tau_5 = 0.026273,
    Tau_6 = 0.045482,
    Tau_7 = 1.02785,
    Mu = 0.0374,
    Dx_unitCost = 10,
    Linkage_unitCost = 40,
    Annual_Care_unitCost = 40,
    Annual_ART_unitCost = 367
)