Parameters <- c(
    Nu_1 = 0.193634,
    Nu_2 = 0.321304,
    Nu_3 = 0.163484,
    Rho = 0.205,
    Epsilon = 16.949,
    Kappa = 1.079,
    Gamma = 2.556,
    Theta = 1.511,
    Omega = 0.033,
    p = 0.95,
    s_1 = 0.25,
    s_2 = 0.75,
    s_3 = 1,
    s_4 = 2,
    Sigma = 0,
    Delta_1 = 1.58084765,
    Delta_2 = 3.50371789,
    Alpha_1 = 0.00411,
    Alpha_2 = 0.01167,
    Alpha_3 = 0.01289,
    Alpha_4 = 0.385832,
    Tau_1 = 0.04013346,
    Tau_2 = 0.05431511,
    Tau_3 = 0.15692556,
    Tau_4 = 0.23814569,
    Mu = 0.0374,
    Dx_unitCost = 10,
    Care_unitCost = 12,
    TxInit_unitCost = 28,
    Retention_unitCost = 367,
    AnnualTx_unitCost = 367
)