Parameters <- c(
    Nu_1 = 0.2139008,
    Nu_2 = 0.3379898,
    Nu_3 = 0.2744363,
    Rho = 0.205,
    Epsilon = 16.949,
    Kappa = 1.079,
    Gamma = 2.556,
    Eta = 0.476,
    Phi = 3.628,
    Psi = 0.431,
    Theta = 2.28,
    Omega = 0.033,
    Delta_1 = 1.1491019,
    Delta_2 = 2.5468165,
    Alpha_1 = 0.0043812,
    Alpha_2 = 0.0179791,
    Alpha_3 = 0.0664348,
    Alpha_4 = 0.1289688,
    Tau_1 = 0.0041621,
    Tau_2 = 0.0170798,
    Tau_3 = 0.0631120,
    Tau_4 = 0.1225184,
    Mu = 0.0374,
    Dx_unitCost = 0.5,
    Care_unitCost = 0.5,
    Tx_unitCost = 0.5,
    Retention_unitCost = 0.5
)