Initial <- c(
    UnDx_500 = 1e+4 * 0.2 * 0.58,
    UnDx_350500 = 1e+4 * 0.2 * 0.23,
    UnDx_200350 = 1e+4 * 0.2 * 0.16,
    UnDx_200 = 1e+4 * 0.2 * 0.03,

    Dx_500 = 1e+4 * 0.23 * 0.58,
    Dx_350500 = 1e+4 * 0.23 * 0.23,
    Dx_200350 = 1e+4 * 0.23 * 0.16,
    Dx_200 = 1e+4 * 0.23 * 0.03,

    Care_500 = 1e+4 * 0.2 * 0.58,
    Care_350500 = 1e+4 * 0.2 * 0.23,
    Care_200350 = 1e+4 * 0.2 * 0.16,
    Care_200 = 1e+4 * 0.2 * 0.03,

    Tx_500 = 1e+4 * 0.2 * 0.58,
    Tx_350500 = 1e+4 * 0.2 * 0.23,
    Tx_200350 = 1e+4 * 0.2 * 0.16,
    Tx_200 = 1e+4 * 0.2 * 0.03,

    Vs_500 = 1e+4 * 0.17 * 0.58,
    Vs_350500 = 1e+4 * 0.17 * 0.23,
    Vs_200350 = 1e+4 * 0.17 * 0.16,
    Vs_200 = 1e+4 * 0.17 * 0.03,

    Ltfu_500 = 0,
    Ltfu_350500 = 0,
    Ltfu_200350 = 0,
    Ltfu_200 = 0,

    NewInf = 0,

    HivMortality = 0,

    NaturalMortality = 0
)